<?xml version="1.0"?>
<opencv_storage>
<IDF type_id="opencv-matrix">
  <rows>1</rows>
  <cols>5000</cols>
  <dt>f</dt>
  <data>
    2.05104852e+00 3.57912850e+00 4.32753849e+00 2.83191419e+00
    3.89222050e+00 2.83191419e+00 1.94072366e+00 3.36390162e+00
    3.63061047e+00 4.74443245e+00 2.57439375e+00 3.34670925e+00
    3.93734074e+00 3.60086846e+00 3.14655519e+00 1.57551968e+00
    3.20152712e+00 4.09234667e+00 3.23653078e+00 3.72140265e+00
    4.87960720e+00 3.44514918e+00 4.48295259e+00 4.11659002e+00
    3.90703535e+00 2.50837994e+00 4.90627527e+00 1.38589442e+00
    2.00619102e+00 3.54737997e+00 3.44828892e+00 4.47414207e+00
    3.46413708e+00 4.64599228e+00 2.49012017e+00 2.82514596e+00
    4.24749565e+00 2.27011800e+00 3.91202307e+00 3.33260465e+00
    1.57310593e+00 3.25191569e+00 3.03239632e+00 8.74669075e-01
    1.13693738e+00 3.30770707e+00 5.27851486e+00 4.17990255e+00
    2.89860559e+00 4.26158047e+00 1.90380895e+00 5.16728926e+00
    4.00633383e+00 3.94765019e+00 2.62003922e+00 2.40905738e+00
    2.77900934e+00 3.57912850e+00 3.84436440e+00 3.83506203e+00
    3.01186156e+00 3.76792264e+00 2.91507435e+00 3.09665823e+00
    2.42136860e+00 1.44053936e+00 2.38379526e+00 4.14143610e+00
    2.88061953e+00 2.64226246e+00 3.72140265e+00 6.72543383e+00
    4.53751135e+00 3.26754093e+00 2.98380375e+00 4.85363150e+00
    5.16728926e+00 1.99804592e+00 3.75075483e+00 5.68397999e+00
    3.43578887e+00 3.63818645e+00 3.26491976e+00 3.50655794e+00
    2.12779188e+00 3.03239632e+00 3.00780487e+00 1.95970488e+00
    3.09887314e+00 2.62003922e+00 4.10439491e+00 4.84089231e+00
    2.52697945e+00 2.37730861e+00 3.83506203e+00 4.90627527e+00
    2.78709340e+00 3.04492259e+00 2.04022074e+00 2.46863961e+00
    4.19970512e+00 3.76792264e+00 2.52323174e+00 3.93734074e+00
    2.50592613e+00 4.14774513e+00 5.84304476e+00 1.61344588e+00
    2.85597038e+00 1.97833002e+00 3.63061047e+00 4.57561159e+00
    2.77740026e+00 3.08129025e+00 3.57198572e+00 2.79688144e+00
    3.20645332e+00 2.55361390e+00 2.78871799e+00 2.37515569e+00
    2.49132729e+00 4.93367434e+00 2.36233521e+00 3.62309170e+00
    3.19418311e+00 2.11196470e+00 3.66126418e+00 2.18213892e+00
    3.44514918e+00 3.13040709e+00 3.58632278e+00 3.42344308e+00
    3.56843328e+00 3.57912850e+00 2.90772128e+00 3.41428256e+00
    4.68855190e+00 4.54690123e+00 3.07694244e+00 3.27544618e+00
    2.69859505e+00 2.99974036e+00 3.24933505e+00 3.81671286e+00
    1.10262036e+00 3.75501919e+00 1.89512193e+00 2.83531547e+00
    2.69266915e+00 2.75200200e+00 3.49331260e+00 3.70908213e+00
    3.07911396e+00 5.16728926e+00 3.48024058e+00 3.85375404e+00
    3.89713430e+00 2.72113538e+00 2.33717656e+00 2.47456026e+00
    3.95284510e+00 4.11047411e+00 2.07226729e+00 2.28868222e+00
    3.27016902e+00 3.17965508e+00 3.32980728e+00 2.72265625e+00
    4.27586651e+00 2.34549260e+00 3.94248223e+00 3.34955406e+00
    3.22388840e+00 2.80016541e+00 3.14191484e+00 3.45459819e+00
    2.33098459e+00 3.61191845e+00 2.28671169e+00 4.39005899e+00
    3.54045939e+00 3.57198572e+00 3.51324677e+00 3.06830287e+00
    3.81217766e+00 4.12274408e+00 4.96184492e+00 3.17008567e+00
    4.26158047e+00 3.39620996e+00 2.39250970e+00 4.17338800e+00
    1.59701538e+00 4.39005899e+00 3.47376800e+00 3.18689275e+00
    2.64930964e+00 2.57702184e+00 1.80727923e+00 2.89498234e+00
    4.32753849e+00 2.57308245e+00 3.46413708e+00 3.35813785e+00
    5.05145741e+00 2.47574878e+00 3.09887314e+00 4.50081015e+00
    1.57793927e+00 2.93746328e+00 3.33540964e+00 3.81217766e+00
    1.34745836e+00 5.49676847e+00 2.29958963e+00 4.05704880e+00
    4.68855190e+00 1.74296927e+00 1.88782990e+00 3.56489348e+00
    2.88777518e+00 3.24676108e+00 2.96811700e+00 2.74109006e+00
    3.13269806e+00 2.59964442e+00 3.88733029e+00 2.03638196e+00
    2.42928267e+00 5.27851486e+00 2.33407569e+00 3.21388817e+00
    3.37845778e+00 2.84731221e+00 4.56594944e+00 3.50989676e+00
    4.71053076e+00 2.38054657e+00 2.00916958e+00 4.47414207e+00
    3.69691157e+00 4.59522009e+00 4.40631914e+00 2.90224195e+00
    3.36390162e+00 2.64648485e+00 2.82683372e+00 3.07261324e+00
    4.22673368e+00 3.35240722e+00 1.60694098e+00 4.53751135e+00
    2.76462054e+00 3.01389623e+00 3.18206191e+00 3.98998451e+00
    2.45224595e+00 1.95474911e+00 2.95459032e+00 3.30225754e+00
    3.83506203e+00 2.23399234e+00 3.29683733e+00 5.24004841e+00
    1.89778686e+00 2.93181896e+00 2.59293747e+00 2.83872843e+00
    3.02619147e+00 2.14302063e+00 4.81589127e+00 4.09234667e+00
    2.83872843e+00 3.57555079e+00 2.93557835e+00 5.80914307e+00
    3.16060686e+00 3.18206191e+00 2.52572870e+00 2.50470138e+00
    3.79869437e+00 3.55785108e+00 3.26491976e+00 2.15244246e+00
    4.29035950e+00 2.56655073e+00 1.79276001e+00 4.06867695e+00
    3.58993959e+00 3.00376439e+00 2.65640688e+00 1.52509677e+00
    4.17990255e+00 3.58993959e+00 2.30558968e+00 4.58536768e+00
    4.26869774e+00 1.99952197e+00 2.29560947e+00 4.87960720e+00
    2.64507532e+00 3.18447447e+00 1.15327966e+00 2.06435585e+00
    4.56594944e+00 2.28376341e+00 4.44816637e+00 2.13115597e+00
    4.94766045e+00 3.90207267e+00 2.40461779e+00 4.06867695e+00
    2.06988740e+00 2.57965708e+00 3.69288754e+00 2.92620611e+00
    6.11929798e+00 3.24163270e+00 3.03863978e+00 5.54677868e+00
    3.90207267e+00 3.83506203e+00 3.11226606e+00 3.18931699e+00
    2.59695625e+00 3.35526848e+00 4.30506563e+00 2.85945463e+00
    3.47699904e+00 4.01738358e+00 4.10439491e+00 4.52820921e+00
    2.86998105e+00 4.00633383e+00 3.35526848e+00 3.00376439e+00
    5.40367794e+00 4.08637619e+00 3.92207336e+00 2.36233521e+00
    4.28308678e+00 3.03655434e+00 3.60453820e+00 3.22640419e+00
    3.89222050e+00 3.46094728e+00 1.99657202e+00 2.78385186e+00
    4.05128527e+00 4.17990255e+00 2.03714871e+00 3.61562896e+00
    3.10778189e+00 2.88419080e+00 4.66704559e+00 3.18206191e+00
    3.79869437e+00 4.05704880e+00 6.16581774e+00 2.01966429e+00
    3.71317220e+00 3.44828892e+00 4.22673368e+00 4.97623396e+00
    1.01832342e+00 3.48349261e+00 3.45776772e+00 2.74731088e+00
    3.11903048e+00 1.70760214e+00 2.94313979e+00 4.57561159e+00
    2.17771602e+00 3.07261324e+00 2.29759765e+00 2.82514596e+00
    4.25451326e+00 2.44645548e+00 2.97006464e+00 4.69948101e+00
    4.73300362e+00 5.74460459e+00 4.66704559e+00 3.31318641e+00
    3.87280226e+00 2.24243116e+00 2.53577900e+00 4.27586651e+00
    3.29413819e+00 3.06615472e+00 3.34387231e+00 2.71055341e+00
    2.53325701e+00 1.75909865e+00 2.47456026e+00 2.48410702e+00
    2.16980410e+00 4.19306040e+00 1.83759403e+00 1.39392340e+00
    3.33822250e+00 3.87762165e+00 3.39025736e+00 3.88246417e+00
    4.01738358e+00 2.62831521e+00 3.44828892e+00 2.70455623e+00
    1.80362964e+00 4.55637980e+00 3.89713430e+00 3.61935329e+00
    4.34280586e+00 2.08828044e+00 4.37405825e+00 2.91877127e+00
    2.79034543e+00 1.12085795e+00 2.84731221e+00 2.43269372e+00
    3.90703535e+00 4.73300362e+00 4.68855190e+00 4.76768923e+00
    3.14655519e+00 4.41454983e+00 3.48349261e+00 2.35177541e+00
    4.15409470e+00 3.43578887e+00 4.36615324e+00 1.48943508e+00
    3.94765019e+00 3.03655434e+00 4.94766045e+00 5.47267056e+00
    1.36140668e+00 5.59942245e+00 4.07454205e+00 3.55785108e+00
    4.22673368e+00 1.08470941e+00 2.80016541e+00 2.16718054e+00
    3.29954362e+00 3.64581990e+00 3.31044292e+00 3.02825546e+00
    3.08129025e+00 4.04555416e+00 2.52948570e+00 3.38434029e+00
    2.38814306e+00 3.75930190e+00 1.82821596e+00 2.68384552e+00
    2.46745968e+00 4.17338800e+00 2.28572798e+00 2.90042210e+00
    3.39620996e+00 3.37260985e+00 3.26230550e+00 4.89285231e+00
    4.26869774e+00 2.99373436e+00 1.23134398e+00 3.75930190e+00
    1.73556817e+00 3.36679602e+00 2.61183143e+00 2.15761924e+00
    3.41732669e+00 2.59561467e+00 3.65738082e+00 3.69691157e+00
    3.39620996e+00 2.57833862e+00 4.12274408e+00 3.77661848e+00
    3.08347130e+00 3.31318641e+00 4.50081015e+00 2.50715232e+00
    3.75501919e+00 3.13729572e+00 2.86998105e+00 3.79424000e+00
    2.28082371e+00 3.31593752e+00 2.89317560e+00 2.13115597e+00
